 <pre>

 Contingency table for Cloud base (m)
 Selection: METCOOP    238 stations
Period: 20240701-20240720
Used {00,06,12,18} + 01 02 ... 12
 Limits    70.0000000       150.000000       300.000000       600.000000       1000.00000       1500.00000       2500.00000       5000.00000    
 Each class is data <= limit, the very last > last limit
 Total number of values      175079
                                                       OBSERVATION
                                    897      698      428       94       29       34       64       38      460 |      2742
                                    575     1177      960      198       45       43       49       16       54 |      3117
                                    476     1822     3382     1291      289      132      166       73      192 |      7823
                                    339     1126     3574     5274     1720      693      570      267      497 |     14060
                     MNWC_prod      347      616     1529     3821     5715     2470     1476      795     1578 |     18347
                                    289      437     1134     1857     3300     6433     4348     1442     2844 |     22084
                                    240      350     1010     1475     1832     3495     7739     2766     3237 |     22144
                                    224      222      597      873     1093     1492     3487     5407     1661 |     15056
                                   1076      708     1638     3179     4277     5711     8254     6242    38621 |     69706

                    SUM            4463     7156    14252    18062    18300    20503    26153    17046    49144 |    175079
                                                       OBSERVATION
                                    522      465      330      101       25       23       46       21      287 |      1820
                                    437      969      827      226       49       54       38       22       43 |      2665
                                    487     1681     2956     1262      303      152      173       83      144 |      7241
                                    373     1180     3358     4905     1867      745      656      268      459 |     13811
                   MNWC2_preop      354      692     1609     3658     5394     2651     1608      725     1408 |     18099
                                    306      489     1239     1905     3243     6138     4222     1250     2577 |     21369
                                    300      481     1152     1674     2023     3649     8091     3008     3370 |     23748
                                    350      345      713     1005     1189     1675     3774     5932     2273 |     17256
                                   1334      854     2068     3326     4207     5416     7545     5737    38583 |     69070

                    SUM            4463     7156    14252    18062    18300    20503    26153    17046    49144 |    175079

