 <pre>

 Contingency table for Visibility (m)
 Selection: METCOOP    270 stations
Period: 20240701-20240720
Used {00,06,12,18} + 00 01 ... 12
 Limits    1000.00000       5000.00000       10000.0000       20000.0000    
 Each class is data <= limit, the very last > last limit
 Total number of values      245948
                                     OBSERVATION
                                    852      655      496      542      881 |      3426
                                   1104     2339     2840     3325     4253 |     13861
                     MNWC_prod      848     1877     3438     5533    12662 |     24358
                                    794     1518     3119     8547    41781 |     55759
                                    969     1874     3626    18773   123302 |    148544

                    SUM            4567     8263    13519    36720   182879 |    245948
                                     OBSERVATION
                                    496      377      307      396      533 |      2109
                                    989     2077     2713     3017     3850 |     12646
                   MNWC2_preop      939     1904     3459     5687    11992 |     23981
                                    959     1745     3341     8988    42877 |     57910
                                   1184     2160     3699    18632   123627 |    149302

                    SUM            4567     8263    13519    36720   182879 |    245948

