 <pre>

 Contingency table for Low clouds (octas)
 Selection: METCOOP    235 stations
Period: 20240701-20240720
Used {00,06,12,18} + 01 02 ... 12
 Limits    1.00000000       2.00000000       3.00000000       4.00000000       5.00000000       6.00000000       7.00000000    
 Each class is data <= limit, the very last > last limit
 Total number of values      183007
                                              OBSERVATION
                                  55813     3215     2576     1806     1642     1290     2168     2713 |     71223
                                   6351      907      774      644      567      460      769     1004 |     11476
                                   4230      803      713      539      491      403      717      937 |      8833
                     MNWC_prod     3572      773      710      548      446      411      763      908 |      8131
                                   3228      757      717      533      550      450      811      980 |      8026
                                   3103      788      728      686      636      533      968     1234 |      8676
                                   3613     1057     1053      902      832      710     1481     1970 |     11618
                                   8205     4125     3977     3703     3736     3522     8536    19220 |     55024

                    SUM           88115    12425    11248     9361     8900     7779    16213    28966 |    183007
                                              OBSERVATION
                                  58047     3395     2752     2038     1772     1412     2434     3701 |     75551
                                   5802      910      787      627      599      500      870     1234 |     11329
                                   3768      722      635      514      475      393      720      912 |      8139
                   MNWC2_preop     3179      683      592      506      478      368      687      984 |      7477
                                   3006      747      701      534      495      428      746      922 |      7579
                                   2946      757      744      612      596      469      916     1138 |      8178
                                   3371     1009      990      830      776      736     1430     2006 |     11148
                                   7996     4202     4047     3700     3709     3473     8410    18069 |     53606

                    SUM           88115    12425    11248     9361     8900     7779    16213    28966 |    183007

